6

4
5

0.5146990059496339
0.5092967217880622
0.05943437071959866
-0.1918743246376837
0.5765438168189636

0.524578520314947
0.12457481629031115
0.24194456856204746
-0.4913479540130327
1.1849841374273171

-0.27058743132031976
-0.3364030923071762
0.49148732117410093
0.22276830447139223
0.8703921310420135

-0.439679233853848
-0.0456608539863485
-1.0523138589112466
0.2885649603687352
-1.750406057925558

-0.5863163803844326
0.40123269147540963
-0.38076752165719613
0.5711839353460239
-1.2136515313179088
Tanh
TanhPrime

5
5

0.6923907051313452
0.4539025819204211
-0.5168665899007436
-0.6310016694548645
-0.03643454275482864

-0.4380407782122532
0.49625349925779394
0.10203080997463157
0.044649742724098954
-0.309168406426631

0.039083157648596906
-0.0385455502538653
-0.3172625745154068
-0.2190366441533827
0.49647045725892025

0.3877650028919134
-0.118530828811658
1.0586947237574833
1.3768491890201342
0.0691159516094802

-0.4979001405062002
-0.3117175746895062
-0.3007252974514851
0.1749738079676214
0.5442076275977369

-0.3227997479998614
1.569882138661305
0.8210389012642604
1.0255287373589275
-0.1311227377908694
Tanh
TanhPrime

5
3

-0.5159002298749915
-0.8558015710981267
-0.8648357182415898

-0.29052757212627706
-1.2558017718784968
-0.4392315112569769

0.5769231339444475
1.0023453032141003
-1.3270934723230357

1.6626875380674409
-0.29590742883858295
-0.9978520511643992

1.58338223042974
-1.1166211764726826
-0.5415041789834999

-0.010892225999804233
-0.11893493885296273
0.41486313954534865
Sigmoid
SigmoidPrime

Mse
MsePrime
